2.117266
2.132745
2.115071
2.12146
2.116987
2.13135
2.126371
2.134274
2.172602
2.150721
2.141127
2.162773
2.150691
2.142458
2.158266
2.148126
2.167705
2.152326
2.160521
2.201687
2.15668
2.144336
2.158759
2.921309
2.172555
2.127558
2.156925
2.145574
2.149744
2.168163
2.165545
2.207006
2.146121
2.153032
2.128027
2.16775
2.13789
2.162896
2.148301
2.134111
2.1248
2.140012
2.118726
2.158514
2.12846
2.170786
2.172678
2.146805
2.15901
2.206251
2.159124
2.153453
2.13281
2.134386
2.224125
2.145224
2.142876
2.125747
2.125301
2.140015
2.125642
2.151445
2.114542
2.15907
2.382558
2.159282
2.123138
2.161924
2.139571
2.115239
2.123768
2.115436
2.873259
2.146744
2.134626
2.136216
2.236609
2.138396
2.142367
2.205004
2.15001
2.145757
2.139072
2.147772
2.137772
2.284231
2.141202
2.1379
2.180676
2.193366
2.126339
2.145234
2.127304
2.131961
2.141037
2.163522
2.132351
2.162974
2.139378
2.275964
2.177166
2.106402
2.084506
2.100037
2.130977
2.114685
2.817117
2.135657
2.138962
2.153374
2.122407
2.123821
2.114093
2.130973
2.117737
2.131482
2.139624
2.124885
2.104293
2.085053
2.107042
2.117619
2.161919
2.134113
2.150395
2.140759
2.141655
2.142845
2.165281
2.129499
2.107836
2.127254
2.155735
2.136597
2.1082
2.131327
2.110109
2.129868
2.131712
2.891967
2.129814
2.098579
2.156482
2.126742
2.154698
2.226753
2.171584
2.124787
2.129704
2.105268
2.155893
2.115231
2.13357
2.130629
2.121683
2.151863
2.11673
2.129195
2.166497
2.103679
2.096794
2.181639
2.617438
2.103151
2.139535
2.111582
2.16753
2.110556
2.168434
2.120042
2.103685
2.100359
2.134612
2.132856
2.144432
2.11051
2.101552
2.135825
2.130944
2.115985
2.123347
2.136128
2.161922
2.19458
2.128559
2.123527
2.138433
2.099345
2.861089
2.134845
2.110393
2.265553
2.248904
2.206763
2.124224
2.132204
2.139473
2.130212
2.132592
2.112939
2.125687
2.158464
2.108152
2.140142
2.154746
2.117436
2.114479
2.1137
2.199707
2.097711
2.10536
2.103096
2.139434
2.132806
2.133617
2.150694
2.122128
2.134808
2.115003
2.11139
2.112916
2.136682
2.142608
2.112996
2.126825
2.159582
2.30596
2.291606
2.353633
2.30035
2.20664
2.095819
2.105604
2.128676
2.252622
2.195546
2.066565
2.043839
2.315538
1.683858
1.685068
1.667674
1.697504
1.687592
1.701597
1.684463
1.693383
1.68415
1.695456
2.067332
2.143868
2.072269
2.068493
2.100445
2.120465
2.107408
2.109703
2.069515
2.075315
2.103286
2.097786
2.094372
2.123281
2.108097
2.092194
2.102374
2.101788
2.133871
2.094574
2.090339
2.083511
2.11919
2.107083
2.120846
2.124013
2.146878
2.12672
2.103422
2.098107
2.118661
2.116972
2.046683
2.0851
2.099951
2.10933
2.084083
2.151293
2.116455
2.827125
2.133001
2.086115
2.093381
2.101126
2.112617
2.102903
2.122701
2.109252
2.127449
2.07201
2.10043
2.084863
2.096523
2.09134
2.11285
2.111986
2.103099
2.110796
2.066357
2.104195
2.07934
2.137789
2.077896
2.102276
2.103397
2.106749
2.097769
2.107612
2.13906
2.098716
2.103101
2.087997
2.145061
2.121839
2.116003
2.09491
2.114259
2.11158
2.09915
2.117469
2.111184
2.114709
2.058185
2.213749
2.117363
2.087446
2.059324
2.104757
2.083539
2.751198
2.094802
2.098743
2.132252
2.126927
2.100037
2.105692
2.139275
2.115907
2.159348
2.114111
2.128583
2.115604
2.108333
2.106872
2.095358
2.090352
2.136672
2.119326
2.084652
2.112858
2.098423
2.107939
2.120671
2.098436
2.096406
2.13779
2.119862
2.11944
2.122658
2.131824
2.119528
2.104155
2.856749
2.178258
2.236987
2.130498
2.096272
2.117547
2.098145
2.170516
2.113344
2.111665
2.102134
2.108926
2.097258
2.131879
2.138153
2.22737
2.119859
2.096212
2.111761
2.238678
2.16458
2.111239
2.125645
2.111814
2.135644
2.119149
2.12566
2.133214
2.078397
2.153269
2.08506
2.082324
2.064664
2.116235
2.795027
2.130124
2.124134
2.086945
2.101232
2.116423
2.131041
2.091703
2.092184
2.102485
2.113572
2.094517
2.105872
2.089337
2.099553
2.074945
2.088285
2.085235
2.088019
2.108044
2.148138
2.128819
2.102008
2.112673
2.107754
2.153765
2.090167
2.1084
2.088
2.120656
2.114992
2.202466
2.144291
2.809036
2.122888
2.097501
2.119886
2.080246
2.092151
2.103113
2.127869
2.124968
2.101795
2.119701
2.202927
2.117679
2.095554
2.116504
2.091316
2.090672
2.593973
1.785129
1.912722
1.841912
1.963335
1.974159
1.994723
1.136549
4.14006
1.137891
0.95785
1.053744
4.734016
1.038632
0.959882
0.961641
1.310027
0.943597
0.947084
0.946061
1.010074
0.949071
0.946111
0.961039
0.949547
0.939392
0.947038
0.942375
2.074983
2.123763
2.093369
2.094301
2.161455
2.138048
2.111645
2.123204
2.091302
2.167043
2.107436
2.124001
2.092254
2.120838
2.123417
2.08037
2.115134
2.109592
2.122279
2.07947
2.236106
2.111325
2.140969
2.113715
2.10834
2.141807
2.106015
2.16551
2.130192
2.141006
2.104735
2.134434
2.122966
2.139871
2.148419
2.138446
2.112467
2.874425
2.172876
2.122693
2.135211
2.135715
2.126204
2.182989
2.110247
2.110618
2.125288
2.119931
2.133755
2.103281
2.121295
2.169318
2.127291
2.111652
2.123986
2.136484
2.093297
2.074323
2.089124
2.155943
2.271224
2.221709
2.135279
2.134614
2.148616
2.118576
2.166164
2.139704
2.136246
2.112971
2.143941
2.8479
2.14616
2.147125
2.171684
2.116722
2.051684
2.124013
2.137181
2.142605
2.119764
2.135119
2.131758
2.118377
2.141929
2.127551
2.170506
2.122676
2.122487
2.132968
2.095807
2.047855
2.1174
2.10961
2.124379
2.17209
2.115955
2.124502
2.106905
2.116153
2.108301
2.137153
2.098761
2.112763
2.822655
2.136193
2.116584
2.102182
2.11249
2.136321
2.213691
2.11025
2.326859
2.131265
2.094782
2.177334
2.116912
2.112582
2.106709
2.117182
2.123975
2.143412
2.096045
2.120851
2.097839
2.107812
2.077884
2.117185
2.096764
2.132117
2.148226
2.133703
2.136293
2.127815
2.176219
2.157709
2.116053
2.948337
2.115752
2.139225
2.118912
2.126835
2.126556
2.132597
2.105489
2.106038
2.126616
2.114359
2.111966
2.133119
2.122916
2.097673
2.150165
2.108436
2.101846
2.092978
2.109146
2.120623
2.200138
2.192273
2.15219
2.103547
2.126537
2.110791
2.085864
2.087215
2.079808
2.135153
2.081247
2.089636
2.080595
2.119861
2.088828
2.086684
2.076092
2.159546
2.115184
2.097882
2.118223
2.123149
2.112086
2.114494
2.167828
2.097802
2.103577
2.094529
2.893162
2.098468
2.059004
2.097871
2.119127
2.100507
2.095959
2.13965
2.107623
2.09389
2.09108
2.129285
2.122971
2.083331
2.117714
2.13023
2.123988
2.095077
2.119658
2.250609
2.131643
2.090886
2.151704
2.113327
2.088262
2.11458
2.122438
2.114231
2.084822
2.139722
2.11931
2.111726
2.112351
2.128593
2.182303
2.282517
2.249147
2.147521
2.155255
2.119749
2.125137
2.114795
2.137679
2.119892
2.064977
1.787811
1.799818
1.782242
1.782497
1.720974
2.386081
2.12569
2.130342
2.123557
2.112384
2.111033
2.146246
2.087987
2.982785
2.135371
2.069192
2.170764
2.126554
2.134046
2.126834
2.278267
2.178022
2.156056
2.147189
2.149812
2.139767
2.137837
2.163464
2.124131
2.154093
2.122735
2.137366
2.149773
2.238826
2.151481
2.007898
1.994889
2.100843
2.139694
2.093134
2.117837
2.098277
2.118155
2.199419
5.276405
2.145771
2.485938
2.180892
2.053852
1.827479
1.889832
1.882131
1.903445
1.848399
2.787755
2.188584
2.175189
2.201849
2.09915
2.13941
2.091397
2.151766
2.1413
2.120235
2.416631
2.117089
2.221815
2.217005
2.133399
2.126313
2.116967
2.114642
2.131044
2.115319
2.13271
2.105196
2.142801
2.125702
2.130506
2.123209
2.136479
2.112881
2.113657
2.152395
2.119899
2.121775
2.098233
2.118303
2.082728
2.249076
2.07393
2.096365
2.139737
2.110207
2.100001
2.108625
2.099254
2.098177
2.10472
2.107313
2.105603
2.09701
2.095975
2.124613
2.812198
2.124234
2.076283
2.114794
2.120821
2.093111
2.080843
2.119019
2.103194
2.106586
2.09029
2.118648
2.074597
2.118449
2.096125
2.099295
2.109611
2.106897
2.110754
2.136329
2.131643
2.088808
2.145938
2.112765
2.09148
2.087388
2.174182
2.121265
2.11479
2.11017
2.132029
2.109776
2.138606
2.186239
2.097829
2.103144
2.083083
2.091056
2.062978
2.217677
2.136937
2.132405
2.136677
2.121978
2.125845
2.130493
2.116145
2.113354
2.106663
2.121831
2.905001
2.111978
2.135425
2.169413
2.088476
2.113008
2.146422
2.122575
2.12581
2.13921
2.115765
2.207509
2.115639
2.152374
2.107381
2.125976
2.13929
2.127559
2.125436
2.133003
2.111299
2.104589
2.116308
2.375212
2.153906
2.082845
2.099222
2.1314
2.184617
2.136755
2.107057
2.130638
2.109172
2.824702
2.122458
2.117802
2.124217
2.103043
2.132655
2.030527
2.085092
2.097598
2.113753
2.625922
2.082311
2.237325
2.141789
2.121319
2.143813
2.153315
2.123111
2.204871
2.101498
2.38614
2.239885
1.896986
1.876795
1.895108
3.492607
1.731406
1.689552
1.604774
1.647406
1.619143
1.606748
1.635905
2.256162
1.985177
2.110587
2.117522
2.123181
2.126742
2.138509
2.11036
2.120698
2.10844
2.130152
2.10024
2.145762
2.096739
2.120074
2.204831
2.572479
2.13453
2.113386
2.141443
2.109235
2.111197
2.106985
2.180266
2.088102
2.067985
2.048575
2.129073
2.091164
2.050803
2.209674
2.073336
2.069292
2.910526
2.090661
2.163671
2.107486
2.095809
2.086886
2.082739
2.101587
2.115676
2.09422
2.104351
2.086586
2.123891
2.097346
2.111963
2.08842
2.095884
2.092261
2.085433
2.097095
2.087376
2.089831
2.204718
2.115619
2.102642
2.119094
2.103229
2.098731
2.103101
2.142127
2.111057
2.122081
2.08246
