1.242058
1.360047
1.246112
1.250682
1.215317
1.243358
1.222003
1.228411
1.240085
1.21506
1.232005
1.208157
1.773335
1.307024
1.294768
1.160986
1.332201
1.092227
1.029757
1.044172
1.072185
1.020455
1.063132
1.032227
1.024242
1.040033
1.039996
1.02757
1.042879
1.020801
1.761773
1.035231
1.043098
1.01665
1.021753
1.028619
1.06395
1.033603
1.027339
1.03224
1.042423
1.104493
1.278259
1.084252
1.151196
1.20572
1.123077
2.535977
1.133244
1.071307
1.089285
1.090011
1.060391
1.056122
1.074474
8.660172
1.12293
1.081514
1.086642
1.081225
5.47821
1.072637
1.141388
7.562982
1.008332
0.983283
1.000444
0.984687
0.967519
0.97501
1.052764
1.12936
1.123607
1.119599
1.176835
1.137198
1.11687
1.13883
1.106739
1.107419
1.172188
1.102302
1.192682
1.245791
1.243489
1.246264
1.241256
1.227972
1.261162
1.20521
1.261226
1.213292
1.211264
1.213629
1.21681
1.220472
2.179522
1.242498
1.235474
1.223646
1.22629
1.213903
1.245589
1.237444
1.237124
1.246048
1.228095
1.297789
1.294036
1.330689
1.270752
1.258493
1.300422
4.323627
6.885485
7.160133
1.306103
8.005984
1.254154
1.245847
1.243498
1.235596
6.967944
1.645521
1.634987
1.615484
1.764353
1.704025
1.708409
2.815283
1.586246
1.548697
1.539571
1.609045
1.576126
1.572471
2.078737
2.209116
2.140655
2.140736
2.181385
2.271897
2.225237
2.175144
2.157057
2.151789
2.161513
2.163791
2.187464
2.13372
2.67595
2.196737
1.595941
1.104798
1.227729
1.064421
1.056804
1.053345
1.026314
1.044457
1.015665
1.013226
1.025321
1.063891
1.058818
1.024839
1.027179
1.056512
1.069385
1.060604
1.069952
1.12391
1.07771
1.055869
1.093104
1.048832
1.088576
1.107483
1.108523
1.541884
1.04914
1.063006
1.077019
1.054729
1.061146
1.039799
1.037853
1.070345
1.084584
1.053263
1.054262
1.052068
1.078557
1.062101
1.048906
1.102743
1.093366
5.679109
1.148878
1.122307
1.117957
1.111792
1.119172
1.11974
1.132733
1.114886
1.121838
5.206241
1.140195
1.140519
1.118738
1.207004
1.639319
1.118396
1.11748
1.134769
1.123235
1.114274
1.112886
1.122043
1.111745
1.239803
1.251871
1.258272
1.292408
1.233334
1.232377
1.282884
1.24632
1.232249
1.209709
1.272771
1.329031
1.312576
1.334768
1.362755
1.284133
1.249771
1.251459
1.217327
1.225335
1.319568
1.259277
1.239707
1.235205
1.71581
1.287369
1.309686
1.298053
1.28618
1.280736
1.273731
1.270066
1.311113
1.297418
1.27673
1.295225
1.29191
1.295737
1.297023
1.267983
1.266502
1.291214
1.284662
1.294168
1.332917
1.276553
1.31642
1.326326
1.291949
1.979859
2.170747
2.219559
2.026755
2.064438
2.085792
2.0896
2.065224
2.047921
2.054853
2.053828
2.028291
2.030533
2.028277
2.02456
2.077097
2.067723
65.724307
1.028084
1.014084
1.300668
0.967084
0.987581
0.964943
0.96434
1.373523
0.946711
0.963822
1.21059
0.970947
0.936195
0.961194
2.117691
2.165895
1.241184
1.001184
0.983032
0.963264
0.965909
1.789305
2.156354
2.155372
2.298082
2.146626
2.13894
2.225922
2.179812
2.170501
2.201927
2.177705
2.161722
2.144915
2.156085
2.13691
2.143334
2.16139
2.185753
2.203371
2.984323
2.225326
2.182829
2.156528
2.150851
2.165241
2.211195
2.170434
2.147615
2.171097
2.178063
2.162533
2.136807
2.165517
2.156853
2.160647
2.1234
2.16654
2.145013
2.143542
2.181075
2.228279
2.157098
2.156552
2.169535
2.158035
2.17557
2.154271
2.211042
2.18645
2.152697
2.215245
2.151734
2.850628
2.15126
2.250093
2.355655
2.229062
2.255706
2.175748
2.225079
2.177411
2.252358
2.180135
2.146674
2.248305
2.398271
2.235072
2.219661
2.195352
2.232752
2.141793
2.212792
2.129012
2.166537
2.154675
2.135133
2.189714
2.196154
2.211248
2.156065
2.120766
2.110806
2.149631
2.158236
2.172962
2.170559
2.216347
2.150488
2.315359
2.301453
2.435936
1.673363
0.978855
0.967019
0.977759
0.99766
0.967346
0.994805
1.23512
0.959781
0.966595
0.987715
1.580911
2.17481
2.234436
2.177913
2.235238
2.184696
2.220018
2.201601
1.647342
1.679709
1.609888
1.635714
1.644262
1.608581
1.579069
1.577485
1.599904
1.452404
0.970633
0.970036
0.962302
0.974176
0.937259
0.92222
0.933477
0.950612
1.000155
1.18351
0.963715
0.989891
0.974755
0.967537
0.976284
1.637205
1.364704
1.373274
1.384027
1.394139
1.390821
1.384834
1.504445
1.406204
1.401621
1.3644
1.311559
1.150409
1.147022
1.143151
1.148906
1.126406
1.133289
1.179697
1.168876
1.149826
1.31394
2.126444
2.274444
2.160168
2.164645
2.166361
2.238597
2.186259
2.119969
2.377464
2.175422
2.186262
2.928494
2.161756
2.157815
2.200587
2.132568
2.10414
2.126664
2.131017
2.121503
2.252502
2.255975
2.189945
2.174474
2.201453
2.184424
2.140701
2.091605
2.146455
2.244802
2.129571
2.164695
2.200434
2.205477
2.15307
2.156449
2.128599
2.160729
2.15558
2.203699
2.157927
2.157226
2.13786
2.223737
2.173846
2.175234
2.174266
2.138037
2.170203
2.191882
2.151824
2.168178
2.151335
2.169347
2.130779
2.168043
2.144139
2.152966
2.177118
2.148022
2.13474
2.877433
2.166514
2.150916
2.142061
2.155968
2.150534
2.099774
2.167743
2.222353
2.11837
2.158797
2.151027
2.198918
2.130723
2.172168
2.193115
2.535747
2.208249
2.150367
2.172821
2.147205
2.144773
2.126647
2.157652
2.129222
2.145702
2.122098
2.216152
2.198805
2.143312
2.171623
2.143951
2.146825
2.920664
2.153537
2.138697
2.156028
2.130578
2.14932
2.180651
2.119611
2.130487
2.119769
2.118571
2.160173
2.141528
2.172508
2.133775
2.132853
2.260409
2.29909
2.404456
2.344605
2.285353
2.370881
1.568639
0.987463
0.99015
1.092625
1.073035
1.050583
1.000596
1.006062
0.98007
0.971524
0.959183
1.43482
1.282854
1.259043
1.313021
1.26171
1.238877
1.255802
1.253628
1.238233
1.226925
2.110738
2.188802
2.148363
2.147476
2.156557
2.280866
2.16426
2.145372
2.164755
2.231344
2.260262
2.312364
2.197936
1.89919
1.904972
1.913329
1.922222
2.043422
3.055581
1.838745
2.217227
2.267049
1.805846
1.807407
1.808754
2.158381
2.118397
1.832247
1.872221
1.968118
1.825003
1.835369
1.849867
1.806334
1.832056
1.833126
1.804162
1.829281
2.16483
2.169419
2.916399
2.167237
2.209364
2.175149
2.129488
2.202195
2.207319
2.17416
2.157833
2.235323
2.14936
2.158203
2.165364
2.14507
2.206888
2.173916
1.803971
1.442603
1.474611
1.4574
1.427231
1.657371
1.564221
1.426356
1.99211
2.143888
2.17457
2.166822
2.181852
2.168278
2.188148
2.131784
2.132449
2.893362
2.162859
2.138464
2.188541
2.108611
2.169137
2.223205
2.171
2.213636
2.184176
2.163819
2.126218
2.302397
2.14151
2.180772
2.144866
2.178108
2.176412
2.168484
2.314444
2.151272
2.197196
2.211288
2.225641
2.135502
2.14793
2.135873
2.256658
2.316286
2.773984
2.205377
2.227691
2.191474
2.999779
2.339211
2.216746
2.165998
2.16474
2.182418
2.190905
2.218385
2.134695
2.175944
2.123261
2.208537
2.143562
2.195823
2.172365
2.168549
2.265902
2.128871
2.175705
2.254556
2.194433
2.129425
2.155279
2.13321
2.175254
2.156858
2.129089
2.154048
2.158426
2.148363
2.144159
2.148523
2.185801
2.613735
1.913827
1.831173
1.814744
1.804823
1.836972
1.854533
1.867939
1.842629
1.802939
1.816351
1.794405
1.882985
2.107353
2.106567
2.261342
2.186156
2.177653
2.138559
2.187961
2.186397
2.24196
2.171433
2.19528
2.193987
2.267733
2.147258
2.150794
2.129949
2.138243
2.137892
1.885809
1.978231
1.822844
1.798806
2.133698
2.166725
2.181695
2.171583
2.162193
2.017032
1.819935
1.730445
1.714921
1.725516
1.72464
1.740753
2.029464
2.152134
2.888918
2.229751
2.140638
2.145495
2.201179
2.156233
2.324454
2.134096
2.250402
2.161108
2.147113
2.149618
2.14678
2.119395
2.163533
2.200789
2.167021
2.343743
2.11387
2.05641
1.823718
1.870197
1.829388
1.825968
1.787945
1.810581
2.192456
2.199469
2.186813
2.160519
2.146479
2.216858
2.133855
2.235174
2.336456
2.253707
2.307718
1.831396
1.897141
1.685186
1.72995
1.65566
1.65032
1.757777
1.82183
1.791036
1.807728
1.825704
1.802113
1.834974
3.11436
2.164134
2.178997
2.259259
2.183809
2.182361
2.213932
2.159431
2.130858
2.207815
2.128944
2.185375
2.162147
2.249805
2.174014
2.164315
2.15136
2.170914
2.25515
2.226463
2.3136
1.517288
1.195987
1.253403
1.188741
1.155926
1.15672
1.187146
1.158318
1.160926
1.169482
1.731769
1.776571
1.873876
1.72568
1.743472
1.726203
1.855534
2.121124
2.319365
2.154478
2.127624
2.202348
2.192551
2.181092
2.157527
2.196816
2.139353
2.177902
2.156704
2.957108
2.15238
2.122369
2.155802
2.186034
2.215741
2.168236
2.19571
2.205891
2.1577
2.210033
2.195104
2.216157
2.166059
2.251743
2.223576
2.160341
2.166083
2.173438
2.20557
2.141624
2.206495
2.445596
2.370456
2.327947
1.440659
1.487857
1.428089
1.405026
1.360679
1.343488
1.322595
1.474145
1.80997
1.831287
1.789347
1.78391
1.756098
1.74196
2.338502
2.176865
2.170476
2.155697
2.127351
2.184786
2.129403
2.140964
2.129693
2.140142
2.123339
3.002613
2.240098
2.161744
2.17961
2.197467
2.176339
2.165773
2.23003
2.247365
2.328606
2.145394
2.148844
2.147822
2.171415
2.274326
2.23324
2.120267
2.135469
2.138522
2.107244
2.084917
2.121667
2.144371
2.127992
2.09365
2.15004
2.140503
2.140753
2.151082
2.144893
2.105939
2.068929
2.125424
2.907081
2.123747
2.117145
2.136432
2.204927
2.108032
2.125299
2.111252
2.14987
2.12383
2.149218
2.243747
2.490182
2.260001
2.196991
2.126271
2.250372
2.175951
2.117927
2.158744
2.142164
2.179116
2.182227
2.261199
2.075632
1.728022
